<%INIT>
return {
          'country' => [
                         1130764,
                         1080340,
                         1134956,
                         1602291,
                         1200146,
                         1005644,
                         1027820,
                         1089242,
                         2156040,
                         1157247,
                         1028000,
                         1028018,
                         1024264,
                         1021906,
                         1184977,
                         1184985,
                         1169242,
                         1008739,
                         1107911,
                         1032531,
                         1086529,
                         1185271,
                         1028919,
                         1029818,
                         1184324,
                         1029222,
                         1024371,
                         1029255,
                         1157338,
                         1347665,
                         1035575,
                         1601954,
                         1840008,
                         1185438,
                         1029784,
                         1342179,
                         1085752
                       ],
          'jazz' => [
                      1123678,
                      1168038,
                      1161702,
                      1129402,
                      1163955,
                      1162130,
                      2073435,
                      1080878,
                      1116391,
                      1644764,
                      1814896,
                      1116912,
                      1210863,
                      1067602,
                      1158138,
                      1121797,
                      1121789,
                      1028539,
                      1033273,
                      1123215,
                      1082817,
                      1003201,
                      1523026,
                      1737220,
                      1158757,
                      1008747,
                      1024249,
                      1166388,
                      1117613,
                      1036292,
                      1164060,
                      1004050,
                      1155688,
                      1111046,
                      1159920,
                      1083245,
                      1001346,
                      1027663,
                      1180967,
                      1134428,
                      1131127,
                      1131119,
                      1004407,
                      1036060,
                      1060813
                    ],
          'classical' => [
                           2072734,
                           1023365,
                           1061910,
                           2164655,
                           2738664,
                           1014851,
                           1134477,
                           1124429,
                           1126465,
                           1741545,
                           1255231,
                           1182823,
                           2166635,
                           1012236,
                           1034206,
                           1111756,
                           2167773,
                           1053099,
                           1124916,
                           1112226,
                           1129972,
                           1158476,
                           1251156,
                           1025998,
                           1048669,
                           1080852,
                           1250018,
                           1186030,
                           1012996,
                           1013994,
                           1128271,
                           1252980,
                           1837459,
                           1015411,
                           1127422,
                           1038918,
                           1086784,
                           1024470,
                           1124791,
                           1009620,
                           1184753,
                           1031822,
                           2072130,
                           2086791,
                           1206069,
                           1117134
                         ],
          'rock' => [
                      1351758,
                      1538891,
                      1515402,
                      1347715,
                      1018456,
                      1539196,
                      2501534,
                      1015262,
                      1015205,
                      1015213,
                      1015247,
                      1015239,
                      1641752,
                      1442763,
                      1643055,
                      1155712,
                      1535525,
                      1056035,
                      1088988,
                      1122928,
                      1082577,
                      1028794,
                      1126366,
                      1719897,
                      1057066,
                      1001676,
                      1022920,
                      1022938,
                      1120609,
                      1442003,
                      2166031,
                      1086396,
                      1113737,
                      1064013,
                      1834118,
                      1023910
                    ]
        };
</%INIT>